dim 20 20 20

putSphere 10 10 10 10 1.0 1.0 1.0 1.0
putBox 11 12 10 13 19 20 0.0 0.0 0.0 1.0
putBox 10 11 10 12 19 20 0.0 0.0 0.0 1.0
putVoxel 9 10 19 0.0 0.0 0.0 1.0
putBox 1 2 10 13 11 12 0.0 0.0 0.0 1.0
putBox1 2 10 12 10 11 0.0 0.0 0.0 1.0
putVoxel 1 10 9 0.0 0.0 0.0 1.0
putBox 9 10 10 13 1 2 0.0 0.0 0.0 1.0
putBox 10 11 10 12 1 2 0.0 0.0 0.0 1.0
putVoxel 11 10 1 0.0 0.0 0.0 1.0
putBox 19 20 10 13 9 10 0.0 0.0 0.0 1.0
putBox 19 20 10 12 10 11 0.0 0.0 0.0 1.0
putVoxel 19 10 11 0.0 0.0 0.0 1.0
putBox 11 12 19 20 8 11 0.0 0.0 0.0 1.0
putBox 10 11 19 20 9 10 0.0 0.0 0.0 1.0
putVoxel 9 19 10 0.0 0.0 0.0 1.0
putBox 11 12 1 2 10 13 0.0 0.0 0.0 1.0
putBox 10 12 1 2 10 12 0.0 0.0 0.0 1.0
putVoxel 9 1 10 0.0 0.0 0.0 1.0
putBox 14 20 8 12 15 20 1.0 0.0 0.0 1.0
putBox 15 20 12 13 15 20 1.0 0.0 0.0 1.0
putBox 16 20 13 14 15 20 1.0 0.0 0.0 1.0
cutBox 17 20 8 14 17 20 1.0 0.0 0.0 1.0
cutBox 18 20 8 14 16 17 1.0 0.0 0.0 1.0
cutBox 19 20 8 14 15 16 1.0 0.0 0.0 1.0
cutBox 14 17 8 14 19 20 1.0 0.0 0.0 1.0
cutBox 16 17 8 14 18 19 1.0 0.0 0.0 1.0
putBox 14 15 9 12 19 20 1.0 0.0 0.0 1.0
putBox 2 7 8 12 15 20 1.0 0.0 0.0 1.0
putBox 3 7 12 13 15 20 1.0 0.0 0.0 1.0
putBox 4 7 13 14 15 20 1.0 0.0 0.0 1.0
cutBox 5 7 8 14 19 20 1.0 0.0 0.0 1.0
cutBox 6 7 8 14 17 18 1.0 0.0 0.0 1.0
putBox 6 7 9 12 19 20 1.0 0.0 0.0 1.0
cutBox 2 4 8 14 17 20 1.0 0.0 0.0 1.0
cutBox 2 3 8 12 16 20 1.0 0.0 0.0 1.0
cutBox 4 5 8 14 18 20 1.0 0.0 0.0 1.0
putBox 2 7 8 12 1 6 1.0 0.0 0.0 1.0
putBox 2 6 12 13 1 6 1.0 0.0 0.0 1.0
putBox 2 5 13 14 1 6 1.0 0.0 0.0 1.0
cutBox 5 7 8 14 1 2 1.0 0.0 0.0 1.0
cutBox 6 7 8 14 3 4 1.0 0.0 0.0 1.0
putBox 6 7 9 12 1 2 1.0 0.0 0.0 1.0
cutBox 2 4 8 14 1 4 1.0 0.0 0.0 1.0
cutBox 2 3 8 12 1 5 1.0 0.0 0.0 1.0
cutBox 4 5 8 14 1 3 1.0 0.0 0.0 1.0
cutBox 2 4 12 14 1 5 1.0 0.0 0.0 1.0
putBox 3 4 12 14 4 5 1.0 0.0 0.0 1.0
putBox 14 20 8 12 1 6 1.0 0.0 0.0 1.0
putBox 14 18 12 13 1 6 1.0 0.0 0.0 1.0
putBox 14 17 13 14 1 6 1.0 0.0 0.0 1.0
cutBox 17 20 8 14 1 4 1.0 0.0 0.0 1.0
cutBox 18 20 8 14 4 5 1.0 0.0 0.0 1.0
cutBox 19 20 8 14 5 6 1.0 0.0 0.0 1.0
cutBox 14 17 8 14 1 2 1.0 0.0 0.0 1.0
cutBox 16 17 8 14 2 3 1.0 0.0 0.0 1.0
putBox 14 15 9 12 1 2 1.0 0.0 0.0 1.0
putBox 9 13 14 20 15 20 1.0 0.0 0.0 1.0
putBox 8 9 15 20 15 20 1.0 0.0 0.0 1.0
putBox 7 8 16 20 15 20 1.0 0.0 0.0 1.0
cutBox 7 14 17 20 17 20 1.0 0.0 0.0 1.0
cutBox 7 14 18 20 16 17 1.0 0.0 0.0 1.0
cutBox 7 14 19 20 15 16 1.0 0.0 0.0 1.0
cutBox 7 14 14 17 19 20 1.0 0.0 0.0 1.0
cutBox 7 14 16 17 18 19 1.0 0.0 0.0 1.0
putBox 9 12 14 15 19 20 1.0 0.0 0.0 1.0
putBox 9 13 1 7 15 20 1.0 0.0 0.0 1.0
putBox 8 9 2 7 15 20 1.0 0.0 0.0 1.0
putBox 7 8 3 7 15 20 1.0 0.0 0.0 1.0
cutBox 7 14 5 7 19 20 1.0 0.0 0.0 1.0
cutBox 7 14 6 7 17 18 1.0 0.0 0.0 1.0
putBox 9 12 6 7 19 20 1.0 0.0 0.0 1.0
cutBox 7 14 2 4 17 20 1.0 0.0 0.0 1.0
cutBox 7 12 2 3 16 20 1.0 0.0 0.0 1.0
cutBox 7 14 4 5 18 20 1.0 0.0 0.0 1.0
cutBox 7 14 1 2 15 20 1.0 0.0 0.0 1.0
putBox 9 13 14 20 1 6 1.0 0.0 0.0 1.0
putBox 8 9 14 20 1 5 1.0 0.0 0.0 1.0
putBox 7 8 14 20 1 4 1.0 0.0 0.0 1.0
cutBox 7 14 17 20 1 4 1.0 0.0 0.0 1.0
cutBox 7 14 14 17 1 2 1.0 0.0 0.0 1.0
putBox 9 12 14 15 1 2 1.0 0.0 0.0 1.0
cutBox 7 14 18 20 4 5 1.0 0.0 0.0 1.0
cutBox 7 14 19 20 5 6 1.0 0.0 0.0 1.0
cutBox 7 14 16 17 2 3 1.0 0.0 0.0 1.0
putBox 9 13 1 7 1 6 1.0 0.0 0.0 1.0
putBox 8 9 1 7 2 6 1.0 0.0 0.0 1.0
putBox 7 8 1 7 3 6 1.0 0.0 0.0 1.0
cutBox 7 14 1 4 1 4 1.0 0.0 0.0 1.0
cutBox 7 14 4 7 1 2 1.0 0.0 0.0 1.0
putBox 9 12 6 7 1 2 1.0 0.0 0.0 1.0
cutBox 7 14 4 5 2 3 1.0 0.0 0.0 1.0
cutBox 7 14 1 3 4 5 1.0 0.0 0.0 1.0
cutBox 7 14 1 2 5 6 1.0 0.0 0.0 1.0